0.13470772689875637473
0.17648019977045842355
0.25286644070829017439
0.34315951522261783913
0.41979622739769850703
0.45171995087373539857
0.42082636840642634324
0.40172782054757427694
0.35518650458470540920
0.35812252344319372988
0.35261948564193001943
0.39305489682511646210
0.43343840559759122533
0.45600878529224425639
0.49664659804403726850
0.51663128430617688558
0.57094946413767710958
0.60510141310044762708
0.64214789822063078617
0.67909484773668793434
0.67163419008788727282
0.63405207242211958363
0.56507126601860202531
0.50122784157857336318
0.37591286648327271180
0.24854991077585891768
0.08411779600965643700
-0.07690967287606177705
-0.19673653069791807724
-0.25944452323163846863
-0.28667882011300355183
-0.27004603570156904269
-0.23735446297869924881
-0.18921089604495908154
-0.16166086222031003650
-0.16509745154930033362
-0.18510494638526051037
-0.24053310220292065114
-0.29542381798478339894
-0.34670696388947697120
-0.36905583096087929418
-0.36590460340694702657
-0.29238363854298926592
-0.20853510646177303434
-0.13501710373334718795
-0.02755226198421024605
0.02746123402023689999
0.07085704070727923132
0.10972127774444732917
0.09992142539374421206
0.02211591650244078278
-0.03139578561871110562
-0.15113487669490643928
-0.24733923727016984828
-0.27936601164414387455
-0.22974497783484310043
-0.17792629097920920067
-0.10244309067362789012
-0.03180497361305966580
0.01675429639114281097
0.02376772182411783507
-0.04020457002291780157
-0.11832825474712177494
-0.20202475755627558041
-0.29328454501911271901
-0.34586211107110392815
-0.35397979784893013333
-0.29431357714048306251
-0.21541084158498111090
-0.11315116590487904469
0.00728338399663179623
0.14441033601847996781
0.25237267673866448092
0.41031737661643785664
0.60168078427956261933
0.80667055504257101362
0.96013856167294964195
1.02341761038133571837
0.99671135856987780333
0.93102420689473930349
0.80393969178258217756
0.63712036454642984040
0.49824541918899345472
0.35894166093199875167
0.24322145194614869235
0.14277974845195137710
0.04576384549640557381
-0.05433753232900862679
-0.10563028748038794102
-0.09764346803237970718
-0.05350675407588647431
0.01577457849892367758
0.13193065069045278870
0.21228593387995514652
0.23899940149589057881
0.22426182415323764330
0.15103528916177585972
0.04836288310803033702
-0.05403606813224694910
-0.17483394989209316561
-0.28148741205119731656
-0.38678837698736989736
-0.48877248207469975450
-0.54981487560325070785
-0.56098343969493791317
-0.51587370178032210255
-0.45603103144998824447
-0.34790757977545483381
-0.26799937317596400632
-0.18882848878666871895
-0.16157765145209923574
-0.19445116313725091528
-0.21478607960557491441
-0.30248856046026928457
-0.35498107542283530158
-0.30198894679346960368
-0.20398534293321607391
-0.03579022377348788087
0.14003828435421489251
0.30088569100377454690
0.42031933269663507291
0.46439732331421157419
0.57113172330044192915
0.59679529724630842047
0.58929134883992162486
0.54724578202593798792
0.48121414658420513799
0.33824498389695423217
0.23539379023256451484
0.12443728470557145760
0.09809765318881233376
0.10207487616749548465
0.08603780493585529154
0.09809731264667709283
0.10395117144795046338
0.10185210432979249773
0.07486908756044625968
0.09059990617934594870
0.05613397585432722964
0.02730184814634395787
-0.01512224719406864148
-0.07225830125795032477
-0.16908920459006851478
-0.19179193950171632976
-0.13396170282415015285
-0.02961407969619313588
0.06530587962336091568
0.13519943500668879510
0.18143965445679785531
0.19710778224215619314
0.22221463906322683202
0.19132054365241601968
0.18630180610889554571
0.21655050655207427890
0.20617188814909334638
0.20723569081542878023
0.19426229522879873146
0.16068102653748267405
0.15287466298103363771
0.13813149328516810543
0.15747098290699307332
0.18512138722273932534
0.20640001439349853207
0.22483227578061165675
0.19251073611259528207
0.13304428398895942753
0.07448111091664078032
0.02166090358966315382
-0.03456632686140080624
-0.08935551128115135078
-0.20789385948645783264
-0.30881770132092523085
-0.43871466007666870546
-0.51626839541616920126
-0.50756666058187094315
-0.43980037877049660278
-0.34971717509021432724
-0.20244268464684075925
-0.03418721801097406032
0.09535868197815693115
0.21410429185880877623
0.29375395838402429405
0.27278284400934899034
0.24088449815291848588
0.16061730405757329576
-0.01452206853883020871
-0.04141165247124579951
-0.00199797711839948353
0.05314776488224330631
0.11470260132974342826
0.23204146608654480088
0.35601719371725870644
0.56054464604963027963
0.69988071682536490137
0.80187543606353239856
0.92759773480462826001
1.00191966257681563945
1.04415095852263162257
0.98103780930272455052
0.83047532007979940616
0.61135460595409596429
0.37972662206575080734
0.07828952864910167231
-0.07021853883570453037
-0.11676266591763920233
-0.06750256938112479677
0.04641998380017078873
0.18756187403515806045
0.29224714582325411749
0.30637056782289129320
0.23321656269724522215
0.10961152542935159726
0.01238375554029072512
-0.08297369503171986294
-0.17457923670615385636
-0.24170954698147317785
-0.27793122300208017439
-0.30536173924330745066
-0.33218615003677787190
-0.35781312191932496125
-0.40013634895954325321
-0.42091922367244039016
-0.45440304983777202175
-0.46881079345326404084
-0.49934243309902892616
-0.49573010182688709291
-0.48632517892086624123
-0.42828392269389026215
-0.34489106377118483593
-0.26659241031869579386
-0.18529473232665358284
-0.09921686473244673010
-0.01752892989229204099
0.02952200630527682459
0.12412775321822194785
0.16421276051651487182
0.15531270192871471370
0.18294878363014069333
0.19964720783979050811
0.18452442732283669269
0.16373281366657449487
0.16584105561394221762
0.13328557423297343609
0.10045378961482465119
0.09006773166233615624
0.09542555180728416742
0.09110225127639165477
0.12041782239128799581
0.12653741752658870245
0.17383634484735985271
0.22271777938067749414
0.25511002770439367149
0.31241625282925783447
0.37435396311883056830
0.44976070909786475260
0.51010776581538974650
0.60433005508840875741
0.64085844095086907934
0.65952661133076162514
0.58723848447477189350
0.48953085296118803438
0.41138995326996069535
0.30476584056398725586
0.23237775230827725781
0.20349049292361209851
0.17172351544488073660
0.19775896284193347774
0.21067164250535511116
0.18107421252885902430
0.17726888674868007678
0.15534502353534465624
0.13128196830291019581
0.04964198022186659676
0.00381827569372896391
-0.05142648717814294473
-0.10833968862728075855
-0.18982827913999894553
-0.24805307568284204467
-0.26208849212604873324
-0.27343948797126599315
-0.25532901529386353712
-0.22038499990441345888
-0.18928970091765023875
-0.17074076785136624301
-0.15939149993956719387
-0.18736559825025464465
-0.20179367234025394340
-0.24467341157867802948
-0.26623570272977736817
-0.30238267819853453799
-0.27566918015899749550
-0.24506718922793410687
-0.19330357384089985606
-0.13353471191833998777
-0.01439829248008844126
0.04910683794155724924
0.19631672940201422284
0.27892522625853871654
0.29625610019725978628
0.31400662029271020348
0.36799570722563590408
0.43484889044340874209
0.46298722242287609907
0.50512548195568163223
0.51828308660395594476
0.49466330945705938582
0.38339666492070445525
0.24199160105917524866
0.05144441450301236174
-0.13643176004658175149
-0.34896509701685807237
-0.52022894209518100173
-0.63668628415123007525
-0.77771168044720573320
-0.85138877202506046959
-0.89373502407322091834
-0.90391543130355123115
-0.90131431678635953730
-0.81906399096891613354
-0.72153397805891172911
-0.62204360333218844392
-0.48322217776593107130
-0.37236712188420634240
-0.29831595119664444660
-0.22083774430454414239
-0.14681673252707522215
-0.10604227166166278751
-0.07155822853975551956
-0.02840423227536070100
0.00506643263864814224
0.06707254040450172372
0.10567541275336204964
0.21946101919300370353
0.32178951044433112827
0.46675993541793825425
0.61815380713696232995
0.80616220152394069132
0.98058672017990211600
1.15310995254435710855
1.33072782154825342005
1.45465412089873180612
1.48083422541507570003
1.36908388351437904085
1.18071727511443902436
0.90977006988748954086
0.66668111883272607177
0.40015326189780492383
0.21092776507531874053
0.01161250613461557724
-0.11001384921146166451
-0.20597229074687109507
-0.26605287241440772616
-0.28659005195535114385
-0.27504161797032117276
-0.29621671122596981984
-0.29030958289691566332
-0.28910748984372003356
-0.31117663601354911274
-0.34921763911067049690
-0.42169755615617909861
-0.54535850083359183049
-0.67287960147529013444
-0.83986654676142380449
-1.03355685272049480083
-1.16031468575506968577
-1.24260862523885706743
-1.25690616750344963393
-1.15452568461133342481
-0.93221035605934998713
-0.67874844679642143408
-0.39834373815243639960
-0.15351247904192294458
0.06210048986009943095
0.27025948431906626768
0.48404278976719272709
0.72881946527655749879
0.98678051350213458193
1.20682192129096854671
1.42989676230348816688
1.53382590119416972740
1.46748524180266048944
1.26253537553505523761
1.00080983039879400920
0.72283543827574603391
0.43259138510553590828
0.22905172307392301922
0.00843727331582014989
-0.23165411757053033792
-0.41253486255817362061
-0.52751238196316685425
-0.63945465990034289216
-0.68874231459851342763
-0.63760428046826911341
-0.56542473616059962804
-0.47918761256157865747
-0.39992664136208860848
-0.33526792165669877521
-0.30289155905509518307
-0.27503623309055991175
-0.26971042942156225886
-0.29103548797863221242
-0.30502746553747556169
-0.33446445415388215139
-0.36087567030194656059
-0.34125742919566615097
-0.27743612399122830059
-0.15606795970577105881
-0.02759742914507408093
0.15002334466326447404
0.31531923135576672701
0.42334112410608382149
0.49475691036255858846
0.52058485249400288097
0.51781583444513867853
0.46079214010663921419
0.41016716315486512201
0.37458753918304005248
0.35430392151301010051
0.37903472312087244100
0.39645611312213158151
0.39957359480219378778
0.43896075336704648562
0.42295783688882115925
0.36250299221338283528
0.28699306946788016859
0.18114188827069396814
0.06638239103384367679
-0.00861211979283490504
-0.04780240541506979718
-0.12815317139198087459
-0.16613230428347539047
-0.19603684921084912895
-0.24680613566129763758
-0.24707508127416558108
-0.18829944484646629621
-0.14292331851745321281
-0.03104648232218999021
0.09471427444415873864
0.17180220044574232019
0.21051244934046223212
0.21247309677723760779
0.19660143896223586379
0.18498208596341150778
0.20824224619172795880
0.25903584718260924680
0.34784526589505282423
0.42878618653458783205
0.46824059912249077486
0.47345715014423195299
0.48149471762801898667
0.43101057963664868300
0.40713541965078897666
0.38255661867796048048
0.37937162435366478253
0.36146251078596852713
0.37462240917713196531
0.29930963697582690930
0.22627596126642909868
0.11743673151043532155
0.04763793283844649368
-0.00898054602789563963
-0.02498786862490965516
-0.08343690319036128900
-0.11702473844929867086
-0.14470598541546206284
-0.21252360270767561845
-0.28408304985046767266
-0.32149329285812006107
-0.34469786075405034476
-0.37823521239821966677
-0.44756469743971677433
-0.48158641448598288326
-0.55457076218775058774
-0.62878472835016163689
-0.66445593501182342866
-0.65861102957270267755
-0.63168304379768935863
-0.57912202498362264080
-0.49236102189187330724
-0.36003911795108350935
-0.19931104643821556666
-0.05306351117568935266
0.08883245721846662335
0.24734309699107462355
0.38983316801416206809
0.54591980160188846583
0.66663733560056159799
0.72432916299963545637
0.67168813641196922770
0.63027981255164411412
0.51396076536604795582
0.37313236083093725970
0.33013851467154775587
0.30815497296331972876
0.30775596096039747884
0.33029444798554863372
0.36186876297090814214
0.30621216672462814312
0.26521925576252147749
0.12309663968121233035
-0.00354804992959509768
-0.12759639480141585222
-0.17776884263047729173
-0.17028495148431541106
-0.11346511870753081541
-0.05322474964419138255
0.04044748220667691851
0.09568971243304197349
0.16859547703774124816
0.18107632412704241509
0.14220663845888006915
0.08668494733922371687
0.05946578950609413688
0.05758607814757851773
0.12399649664130520110
0.15911135105424561997
0.18911760191959997579
0.22554776550949293124
0.22844097977310109937
0.25026258083357882933
0.26457133666224674773
0.33667019017424687499
0.38450160895498608493
0.47314379775613418788
0.57225182784434158734
0.65085738080932620253
0.67188702326766058803
0.67793897318339169100
0.67201453113438847087
0.58980617528063017385
0.54363756907980720356
0.47049778790340807122
0.40954919514292809080
0.34009072993932792928
0.13470772689875637473
0.17648019977045842355
0.25286644070829017439
0.34315951522261783913
0.41979622739769850703
0.45171995087373539857
0.42082636840642634324
0.40172782054757427694
0.35518650458470540920
0.35812252344319372988
0.35261948564193001943
0.39305489682511646210
0.43343840559759122533
0.45600878529224425639
0.49664659804403726850
0.51663128430617688558
0.57094946413767710958
0.60510141310044762708
0.64214789822063078617
0.67909484773668793434
0.67163419008788727282
0.63405207242211958363
0.56507126601860202531
0.50122784157857336318
0.37591286648327271180
0.24854991077585891768
0.08411779600965643700
-0.07690967287606177705
-0.19673653069791807724
-0.25944452323163846863
-0.28667882011300355183
-0.27004603570156904269
-0.23735446297869924881
-0.18921089604495908154
-0.16166086222031003650
-0.16509745154930033362
-0.18510494638526051037
-0.24053310220292065114
-0.29542381798478339894
-0.34670696388947697120
-0.36905583096087929418
-0.36590460340694702657
-0.29238363854298926592
-0.20853510646177303434
-0.13501710373334718795
-0.02755226198421024605
0.02746123402023689999
0.07085704070727923132
0.10972127774444732917
0.09992142539374421206
0.02211591650244078278
-0.03139578561871110562
-0.15113487669490643928
-0.24733923727016984828
-0.27936601164414387455
-0.22974497783484310043
-0.17792629097920920067
-0.10244309067362789012
-0.03180497361305966580
0.01675429639114281097
0.02376772182411783507
-0.04020457002291780157
-0.11832825474712177494
-0.20202475755627558041
-0.29328454501911271901
-0.34586211107110392815
-0.35397979784893013333
-0.29431357714048306251
-0.21541084158498111090
-0.11315116590487904469
0.00728338399663179623
0.14441033601847996781
0.25237267673866448092
0.41031737661643785664
0.60168078427956261933
0.80667055504257101362
0.96013856167294964195
1.02341761038133571837
0.99671135856987780333
0.93102420689473930349
0.80393969178258217756
0.63712036454642984040
0.49824541918899345472
0.35894166093199875167
0.24322145194614869235
0.14277974845195137710
0.04576384549640557381
-0.05433753232900862679
-0.10563028748038794102
-0.09764346803237970718
-0.05350675407588647431
0.01577457849892367758
0.13193065069045278870
0.21228593387995514652
0.23899940149589057881
0.22426182415323764330
0.15103528916177585972
0.04836288310803033702
-0.05403606813224694910
-0.17483394989209316561
-0.28148741205119731656
-0.38678837698736989736
-0.48877248207469975450
-0.54981487560325070785
-0.56098343969493791317
-0.51587370178032210255
-0.45603103144998824447
-0.34790757977545483381
-0.26799937317596400632
-0.18882848878666871895
-0.16157765145209923574
-0.19445116313725091528
-0.21478607960557491441
-0.30248856046026928457
-0.35498107542283530158
-0.30198894679346960368
-0.20398534293321607391
-0.03579022377348788087
0.14003828435421489251
0.30088569100377454690
0.42031933269663507291
0.46439732331421157419
0.57113172330044192915
0.59679529724630842047
0.58929134883992162486
0.54724578202593798792
0.48121414658420513799
0.33824498389695423217
0.23539379023256451484
0.12443728470557145760
0.09809765318881233376
0.10207487616749548465
0.08603780493585529154
0.09809731264667709283
0.10395117144795046338
0.10185210432979249773
0.07486908756044625968
0.09059990617934594870
0.05613397585432722964
0.02730184814634395787
-0.01512224719406864148
-0.07225830125795032477
-0.16908920459006851478
-0.19179193950171632976
-0.13396170282415015285
-0.02961407969619313588
0.06530587962336091568
0.13519943500668879510
0.18143965445679785531
0.19710778224215619314
0.22221463906322683202
0.19132054365241601968
0.18630180610889554571
0.21655050655207427890
0.20617188814909334638
0.20723569081542878023
0.19426229522879873146
0.16068102653748267405
0.15287466298103363771
0.13813149328516810543
0.15747098290699307332
0.18512138722273932534
0.20640001439349853207
0.22483227578061165675
0.19251073611259528207
0.13304428398895942753
0.07448111091664078032
0.02166090358966315382
-0.03456632686140080624
-0.08935551128115135078
-0.20789385948645783264
-0.30881770132092523085
-0.43871466007666870546
-0.51626839541616920126
-0.50756666058187094315
-0.43980037877049660278
-0.34971717509021432724
-0.20244268464684075925
-0.03418721801097406032
0.09535868197815693115
0.21410429185880877623
0.29375395838402429405
0.27278284400934899034
0.24088449815291848588
0.16061730405757329576
-0.01452206853883020871
-0.04141165247124579951
-0.00199797711839948353
0.05314776488224330631
0.11470260132974342826
0.23204146608654480088
0.35601719371725870644
0.56054464604963027963
0.69988071682536490137
0.80187543606353239856
0.92759773480462826001
1.00191966257681563945
1.04415095852263162257
0.98103780930272455052
0.83047532007979940616
0.61135460595409596429
0.37972662206575080734
0.07828952864910167231
-0.07021853883570453037
-0.11676266591763920233
-0.06750256938112479677
0.04641998380017078873
0.18756187403515806045
0.29224714582325411749
0.30637056782289129320
0.23321656269724522215
0.10961152542935159726
0.01238375554029072512
-0.08297369503171986294
-0.17457923670615385636
-0.24170954698147317785
-0.27793122300208017439
-0.30536173924330745066
-0.33218615003677787190
-0.35781312191932496125
-0.40013634895954325321
-0.42091922367244039016
-0.45440304983777202175
-0.46881079345326404084
-0.49934243309902892616
-0.49573010182688709291
-0.48632517892086624123
-0.42828392269389026215
-0.34489106377118483593
-0.26659241031869579386
-0.18529473232665358284
-0.09921686473244673010
-0.01752892989229204099
0.02952200630527682459
0.12412775321822194785
0.16421276051651487182
0.15531270192871471370
0.18294878363014069333
0.19964720783979050811
0.18452442732283669269
0.16373281366657449487
0.16584105561394221762
0.13328557423297343609
0.10045378961482465119
0.09006773166233615624
0.09542555180728416742
0.09110225127639165477
0.12041782239128799581
0.12653741752658870245
0.17383634484735985271
0.22271777938067749414
0.25511002770439367149
0.31241625282925783447
0.37435396311883056830
0.44976070909786475260
0.51010776581538974650
0.60433005508840875741
0.64085844095086907934
0.65952661133076162514
0.58723848447477189350
0.48953085296118803438
0.41138995326996069535
0.30476584056398725586
0.23237775230827725781
0.20349049292361209851
0.17172351544488073660
0.19775896284193347774
0.21067164250535511116
0.18107421252885902430
0.17726888674868007678
0.15534502353534465624
0.13128196830291019581
0.04964198022186659676
0.00381827569372896391
-0.05142648717814294473
-0.10833968862728075855
-0.18982827913999894553
-0.24805307568284204467
-0.26208849212604873324
-0.27343948797126599315
-0.25532901529386353712
-0.22038499990441345888
-0.18928970091765023875
-0.17074076785136624301
-0.15939149993956719387
-0.18736559825025464465
-0.20179367234025394340
-0.24467341157867802948
-0.26623570272977736817
-0.30238267819853453799
-0.27566918015899749550
-0.24506718922793410687
-0.19330357384089985606
-0.13353471191833998777
-0.01439829248008844126
0.04910683794155724924
0.19631672940201422284
0.27892522625853871654
0.29625610019725978628
0.31400662029271020348
0.36799570722563590408
0.43484889044340874209
0.46298722242287609907
0.50512548195568163223
0.51828308660395594476
0.49466330945705938582
0.38339666492070445525
0.24199160105917524866
0.05144441450301236174
-0.13643176004658175149
-0.34896509701685807237
-0.52022894209518100173
-0.63668628415123007525
-0.77771168044720573320
-0.85138877202506046959
-0.89373502407322091834
-0.90391543130355123115
-0.90131431678635953730
-0.81906399096891613354
-0.72153397805891172911
-0.62204360333218844392
-0.48322217776593107130
-0.37236712188420634240
-0.29831595119664444660
-0.22083774430454414239
-0.14681673252707522215
-0.10604227166166278751
-0.07155822853975551956
-0.02840423227536070100
0.00506643263864814224
0.06707254040450172372
0.10567541275336204964
0.21946101919300370353
0.32178951044433112827
0.46675993541793825425
0.61815380713696232995
0.80616220152394069132
0.98058672017990211600
1.15310995254435710855
1.33072782154825342005
1.45465412089873180612
1.48083422541507570003
1.36908388351437904085
1.18071727511443902436
0.90977006988748954086
0.66668111883272607177
0.40015326189780492383
0.21092776507531874053
0.01161250613461557724
-0.11001384921146166451
-0.20597229074687109507
-0.26605287241440772616
-0.28659005195535114385
-0.27504161797032117276
-0.29621671122596981984
-0.29030958289691566332
-0.28910748984372003356
-0.31117663601354911274
-0.34921763911067049690
-0.42169755615617909861
-0.54535850083359183049
-0.67287960147529013444
-0.83986654676142380449
-1.03355685272049480083
-1.16031468575506968577
-1.24260862523885706743
-1.25690616750344963393
-1.15452568461133342481
-0.93221035605934998713
-0.67874844679642143408
-0.39834373815243639960
-0.15351247904192294458
0.06210048986009943095
0.27025948431906626768
0.48404278976719272709
0.72881946527655749879
0.98678051350213458193
1.20682192129096854671
1.42989676230348816688
1.53382590119416972740
1.46748524180266048944
1.26253537553505523761
1.00080983039879400920
0.72283543827574603391
0.43259138510553590828
0.22905172307392301922
0.00843727331582014989
-0.23165411757053033792
-0.41253486255817362061
-0.52751238196316685425
-0.63945465990034289216
-0.68874231459851342763
-0.63760428046826911341
-0.56542473616059962804
-0.47918761256157865747
-0.39992664136208860848
-0.33526792165669877521
-0.30289155905509518307
-0.27503623309055991175
-0.26971042942156225886
-0.29103548797863221242
-0.30502746553747556169
-0.33446445415388215139
-0.36087567030194656059
-0.34125742919566615097
-0.27743612399122830059
-0.15606795970577105881
-0.02759742914507408093
0.15002334466326447404
0.31531923135576672701
0.42334112410608382149
0.49475691036255858846
0.52058485249400288097
0.51781583444513867853
0.46079214010663921419
0.41016716315486512201
0.37458753918304005248
0.35430392151301010051
0.37903472312087244100
0.39645611312213158151
0.39957359480219378778
0.43896075336704648562
0.42295783688882115925
0.36250299221338283528
0.28699306946788016859
0.18114188827069396814
0.06638239103384367679
-0.00861211979283490504
-0.04780240541506979718
-0.12815317139198087459
-0.16613230428347539047
-0.19603684921084912895
-0.24680613566129763758
-0.24707508127416558108
-0.18829944484646629621
-0.14292331851745321281
-0.03104648232218999021
0.09471427444415873864
0.17180220044574232019
0.21051244934046223212
0.21247309677723760779
0.19660143896223586379
0.18498208596341150778
0.20824224619172795880
0.25903584718260924680
0.34784526589505282423
0.42878618653458783205
0.46824059912249077486
0.47345715014423195299
0.48149471762801898667
0.43101057963664868300
0.40713541965078897666
0.38255661867796048048
0.37937162435366478253
0.36146251078596852713
0.37462240917713196531
0.29930963697582690930
0.22627596126642909868
0.11743673151043532155
0.04763793283844649368
-0.00898054602789563963
-0.02498786862490965516
-0.08343690319036128900
-0.11702473844929867086
-0.14470598541546206284
-0.21252360270767561845
-0.28408304985046767266
-0.32149329285812006107
-0.34469786075405034476
-0.37823521239821966677
-0.44756469743971677433
-0.48158641448598288326
-0.55457076218775058774
-0.62878472835016163689
-0.66445593501182342866
-0.65861102957270267755
-0.63168304379768935863
-0.57912202498362264080
-0.49236102189187330724
-0.36003911795108350935
-0.19931104643821556666
-0.05306351117568935266
0.08883245721846662335
0.24734309699107462355
0.38983316801416206809
0.54591980160188846583
0.66663733560056159799
0.72432916299963545637
0.67168813641196922770
0.63027981255164411412
0.51396076536604795582
0.37313236083093725970
0.33013851467154775587
0.30815497296331972876
0.30775596096039747884
0.33029444798554863372
0.36186876297090814214
0.30621216672462814312
0.26521925576252147749
0.12309663968121233035
-0.00354804992959509768
-0.12759639480141585222
-0.17776884263047729173
-0.17028495148431541106
-0.11346511870753081541
-0.05322474964419138255
0.04044748220667691851
0.09568971243304197349
0.16859547703774124816
0.18107632412704241509
0.14220663845888006915
0.08668494733922371687
0.05946578950609413688
0.05758607814757851773
0.12399649664130520110
0.15911135105424561997
0.18911760191959997579
0.22554776550949293124
0.22844097977310109937
0.25026258083357882933
0.26457133666224674773
0.33667019017424687499
0.38450160895498608493
0.47314379775613418788
0.57225182784434158734
0.65085738080932620253
0.67188702326766058803
0.67793897318339169100
0.67201453113438847087
0.58980617528063017385
0.54363756907980720356
0.47049778790340807122
0.40954919514292809080
0.34009072993932792928
27.17119253621213204042
26.90885676272604243309
26.28829493484656509850
25.63616302646455480385
25.13153657777598937173
24.92955000865583059522
24.92109106186630995694
24.93733400086049201150
25.13779543820772488516
25.51107381889600489444
26.15975715572432491740
26.75148353299959325113
26.97989418888428048149
26.80147123472031722713
26.21868288370015065425
25.59126435365269003341
25.09985303636265641103
24.90328041688405491527
24.84800323674979694033
24.87998726453835729444
25.01524691895822627430
25.37882537186277787100
25.95473188107867912322
26.57896612877332742642
26.91044599407481285880
26.79597517204976853122
26.31538664635732160946
25.76272069116137686251
25.29698817895887685836
25.08892794669772285943
25.09133988815288773822
25.15903021253426175008
25.34019199302828795339
25.75974864617876747275
26.35638960858159762779
26.95316197103789335188
27.17623839166382637700
26.98893069336127226165
26.49333071840026221366
25.88644077960815792494
25.36477877827858051774
25.15732340396622745970
25.20000780537804274672
25.35216847797490302696
25.56022604968758926702
25.91989921957734921421
26.45465293588615907083
26.97420862139258801449
27.18432039253670140511
26.94331252684115796114
26.33440556231857243574
25.60259793229297287098
25.05045459331584467577
24.79936345175028122867
24.73567328337660597981
24.77391658484199510326
24.94986178825870126730
25.30059047246014714005
25.89526515212414281564
26.50746690177852116221
26.80987300391359795526
26.66072290388925836169
26.15466822797071344553
25.54691638315097534928
25.08080506588959934788
24.81934001851776372405
24.75343901450811756604
24.78490220848754077565
24.95334703299014833533
25.36838316032866558203
26.04136951696965596170
26.68367646242146307145
26.98335690924755425613
26.89115436363762157157
26.45603179494599999089
25.91921615255672861622
25.51470441401717792473
25.33149738165024800196
25.38471868598749736634
25.53611547673619597276
25.83464702318702777006
26.20733216524606845610
26.67418697084546153064
27.09011627037616420921
27.23854007563815216031
26.96931787727586282699
26.32733382284879652957
25.61134120074719078275
25.06213525218140247830
24.79430835592660997690
24.73821696520123580854
24.79644008177136171867
24.98546924730660734326
25.40333518666081857873
25.99188063667650538946
26.51968068627805052984
26.78874556680530361064
26.65203510279301113428
26.17443528335658697870
25.58927313919341273163
25.07374858991474297909
24.83686643265558302573
24.76838433758320690004
24.82925860637131521003
24.99657989553544013006
25.36254568492094918497
25.97737072267824487426
26.57538364344634018721
26.93595496315436932377
26.83265317683730089016
26.35608020990680699924
25.76593910395872910613
25.29293597640717905506
25.08338931609548794199
25.01664186335240103176
25.05787596008313045104
25.19658260117481418661
25.52330400869478310710
26.07411562257351533844
26.67844664302512924792
27.01923310717675974502
26.90170637567537426094
26.39129880528302862785
25.83318568926278047115
25.38570030929152920862
25.20285976530797000805
25.22878499774568084035
25.36094001674294773352
25.58528824201780693670
25.96579180771161077246
26.48598621013461595908
26.94596344352327221827
27.13425189002767368152
26.90841615556389498920
26.38978359182160815521
25.76661205143811628204
25.26732781882250478134
24.98390305063751171133
24.99017907830321760798
25.14811132522679670842
25.36876366260590742741
25.75027105219427525640
26.28299370161629155973
26.80237566893782030775
26.98474571296547352972
26.75763092392774922246
26.18870241151516253808
25.56974828450188752527
25.09766890541248685054
24.85390041283913120651
24.82623183235622477127
24.89389906773566707443
25.12313807917890073895
25.51957468404588524891
26.11825504926977714604
26.68527055667212266599
26.94044857095467193631
26.80460467312653705108
26.29726236617063506174
25.73249883034348783895
25.30821511410997004532
25.12744570872106564252
25.15224928686303584868
25.26235263693013166630
25.44118233917322768889
25.80402115625815895328
26.32968132738743705090
26.82788648129091413352
26.99924192308795056761
26.77783136925029694453
26.26143531039733147736
25.67074479533402353582
25.20371241324742328516
24.96785789043730474646
24.93213760336320206079
24.99449228717645965503
25.22720289273420490872
25.66491970961273949570
26.20759927125827815075
26.77771890173466218243
27.03892797877983866783
26.83781237574201483653
26.32651027103311847100
25.69966599861689360296
25.19645155468884922811
24.96967859375630283125
24.97299125545160336515
25.06629253301838033963
25.24673848267957154690
25.59205766359695388701
26.15136301624632864105
26.75610929288953698801
27.02183715263036489773
26.86912220223909741890
26.37464238190942822371
25.79084589358235746204
25.32748585819948772269
25.18009870896986868161
25.26138379167263536829
25.46144100775167729012
25.77274973835436355785
26.26141187853210468006
26.88665231971254243604
27.33737467051770408943
27.40687441498286602837
27.05835886934401202097
26.50048894922282727293
25.84347922146486808970
25.34536496459658394542
25.12752492086917754932
25.03598572116417386724
25.07673474577914873862
25.19392772085919673941
25.53443367396907603961
26.04641254886065127039
26.61057411857525423216
26.86010529765798438007
26.64451850269036725649
26.04778144801326078550
25.39346067125278594290
24.88211839496394617299
24.63650152259506498353
24.60224330248981061686
24.62321736456033249851
24.81417444182896758775
25.23695497271090815161
25.86615062489132910173
26.48052122460261159631
26.76468101978344549252
26.64784151533789824384
26.20601006858114345732
25.63944297381657833057
25.17076278432430669341
24.94700640627913301728
24.90318390373971979557
24.98313089455433200214
25.15922829488032874679
25.56277082801009115087
26.15159464401354227903
26.73710638274605244646
26.98688560205067688003
26.85356300021744502260
26.38941025167141418706
25.83789395064750138431
25.38599479934592650920
25.19599375658073370232
25.21353021118742177009
25.34437634671929373553
25.58112564117939413677
25.98826376390961812035
26.55699495359966633146
27.06772033772930896589
27.23936812459017886567
26.99749974978143995941
26.51829830408768629013
25.93920423567457334002
25.50513674370352035226
25.30319377597650287726
25.33039689081221723654
25.45051327202234148217
25.65174435130936458904
26.01998711047851742251
26.51177506191665145252
26.93649161590707663549
27.05308040014771009396
26.74929336244566968617
26.14190007297411000309
25.43023044854774283863
24.90354737490074654715
24.64308046106768657069
24.57820223589311225965
24.62389919857128717240
24.83129906868429159772
25.27833677145961388533
25.90930304961482022463
26.47091272646866855212
26.74758426811823497360
26.59554510030640628315
26.09419381225051282058
25.54125671195530600244
25.14633079160239148564
24.97424170777233598528
24.94762897919267530256
24.98867360583574281918
25.20295264406964719228
25.63690250714050478109
26.19440539283159452566
26.74716498033917844168
26.93183839327761575078
26.76446417137201194691
26.30579423655219173384
25.74891732590778659073
25.31758968371129014940
25.09485197797681976795
25.09482305014842395963
25.18794485293163631923
25.42508817452812763804
25.77393597451633766582
26.31961389387842231713
26.84263413055579761135
27.05958521767918156797
26.86897533181674191383
26.42068790018751656135
25.82958750399290792643
25.32857457606659679072
25.07522484639353166358
25.06826537160530321557
25.24617887080776412745
25.50990943098014795964
25.92514298869329181230
26.53944532012213386452
27.02771520913313807455
27.15442886953201551137
26.87635750728955841282
26.31340227378937157710
25.64318023376691613180
25.15887213696073132496
24.95682493587174377581
24.95533461445635836640
25.05673143090742627237
25.21908689082149379601
25.64141818707841835590
26.24529291919916929032
26.84150346967205535975
27.04597033277778450611
26.80314327273219632275
26.26967724032845552529
25.61605988038258630013
25.12988471172116788921
24.96230746236065201060
24.93656315774051179801
25.04476593924065852548
25.23703244241010779092
25.63419545113497477473
26.24896271736159292232
26.83679015354132602056
27.05463073040398569447
26.85151265669281883675
26.26074322523115966987
25.63286062971975098890
25.16807314437795994877
25.00263076519497218442
25.01158552479111207845
25.12185046729159765277
25.31992302285815910068
25.75325513002068689161
26.36936360223478104103
26.88245957842140754224
27.04891411521654731587
26.80093550182722950126
26.25091025875880035301
25.61428689651303969299
25.12422418071922081140
24.91099027485187633602
24.84242440484323921623
24.95845236279938816892
25.14987836134030629864
25.62422926366706477097
26.26242538015448957367
26.84229455147401921522
27.04438718414684927893
26.84970159523532373669
26.29732323109460878641
25.67873460266948981712
25.20607020657335795022
25.01943470473245412222
25.03487819656294988135
25.07169689746012153364
25.19524322469017008075
25.53948290388294495301
26.17037959387479872930
26.82177432393385174692
27.11922782094929473828
26.94139216240250078727
26.46129602358521992755
25.90958758881430412657
25.46774410644616537525
25.36421153922703553008
25.50575670700754216114
25.70188109357053463100
25.98877323820439855240
26.40661593377835458796
26.93550988709299076618
27.35851901551563258863
27.42395968849968923564
27.06822138755689621803
26.44973386184304686708
25.68988687157841610542
25.10418899414574056550
24.84866128109419491921
24.82868543856723420049
24.86535721451919300762
25.04865186283852196425
25.38056448396433140147
25.97268746738672362540
26.54822371476736719842
26.78657314622805785120
26.59463040692206803328
26.06502375208798838457
25.43015031611681919799
24.88625417878231615987
24.64744743846006969079
24.58586039762477781778
24.63331732614955171812
24.79075172482523115036
25.18923494717967770384
25.77786223963867229259
26.43770629807913152831
26.76495744897329487344
26.68428304623690650033
26.29749205093360586716
25.74850042208213807271
25.28178425133741669129
25.05371340329724816343
25.02708146093714702829
25.06622313612406927064
25.25164082729821757312
25.66309948317989508837
26.21450682894923289723
26.77786057312637169048
27.05070372688455648813
26.91208688567208895392
26.45924948447185087730
25.85851584822432869260
25.39932464625766428412
25.17689335087747082298
25.14228397763056577219
25.21096083331888593193
25.40026794034432455760
25.78019404286559179695
26.32707380471053681958
26.82825456137246078470
27.03814712707252709833
26.86554206189088489509
26.38482034736544079578
25.79581352152748863205
25.33551576239818814429
25.13945728640562649048
25.16576196596523828930
25.30026879828764307945
25.52983826560413049833
25.90841152870018149201
26.44256689094831713760
26.87802104430505423238
27.04425552112310526809
26.82972516359659920226
26.27731550925746617509
25.67105663259757619699
25.18676045662767748468
24.96597817670787478050
24.91239947098456752883
25.03466138002107044258
25.27375237950369779583
25.69059232227211708732
26.25641652075041676540
26.79719202453672366460
27.01856043379994787301
26.84809285840595904915
26.36139558644625680017
25.77039399361834171032
25.31517921469084342334
25.08959012697713220064
25.08829412057864161056
25.16153486306017939000
25.33277237182534236126
25.70757669166209069544
26.24941078042961351002
26.73565849487009771224
26.95746971392691193614
26.76487484157217267011
26.27345439297609530627
25.69901851546331883469
25.19629280968454665413
24.95207069175611991341
24.88766763062527687111
24.92690649244551082120
25.08659401227129492895
25.46152566134717432078
26.09906148665480785098
26.70826125708435228034
26.92145951554101657166
26.83443359137584494079
26.37659505903214096634
25.76617989700059396796
25.25465034594142466062
25.03266245731169448163
25.06801655230465897262
25.19009208291614854147
25.39041069081230261872
25.77577042689082276183
26.33673752098534137644
26.89268883416318089985
27.14598625616585536591
26.94715712750103264739
26.42247775377111906892
25.74592025768200898028
25.20999875376514154368
24.93397349721915290388
24.87705995661075064618
24.88733481032021543911
25.02348808294124182794
25.33215266846695357117
25.94957364281448519705
26.59325493132544337982
26.95542705811023509455
26.78447046911361084653
26.30846137568368448001
25.70567879222095797331
25.22083156720402996598
25.03648306703928483330
25.01044860895156674019
25.11704860182416965131
25.29880536844656546691
25.59974219438193898668
26.16720280638278950391
26.77691533789701949786
27.10097473991597993859
26.96718897860890606921
26.53489400345606341602
25.94723248220510924966
25.47778804889869164185
25.27014511614261849104
25.31292650620730100286
25.43619254863071077466
25.64573236560092439618
26.03733772688456582500
26.55807828714827323324
27.07223478842382036191
27.24933882382736882732
27.04668416923032481236
26.43024417256152958089
25.65304811813169649781
25.08598682481872899075
24.78085789689302487204
27.17119253621213204042
26.90885676272604243309
26.28829493484656509850
25.63616302646455480385
25.13153657777598937173
24.92955000865583059522
24.92109106186630995694
24.93733400086049201150
25.13779543820772488516
25.51107381889600489444
26.15975715572432491740
26.75148353299959325113
26.97989418888428048149
26.80147123472031722713
26.21868288370015065425
25.59126435365269003341
25.09985303636265641103
24.90328041688405491527
24.84800323674979694033
24.87998726453835729444
25.01524691895822627430
25.37882537186277787100
25.95473188107867912322
26.57896612877332742642
26.91044599407481285880
26.79597517204976853122
26.31538664635732160946
25.76272069116137686251
25.29698817895887685836
25.08892794669772285943
25.09133988815288773822
25.15903021253426175008
25.34019199302828795339
25.75974864617876747275
26.35638960858159762779
26.95316197103789335188
27.17623839166382637700
26.98893069336127226165
26.49333071840026221366
25.88644077960815792494
25.36477877827858051774
25.15732340396622745970
25.20000780537804274672
25.35216847797490302696
25.56022604968758926702
25.91989921957734921421
26.45465293588615907083
26.97420862139258801449
27.18432039253670140511
26.94331252684115796114
26.33440556231857243574
25.60259793229297287098
25.05045459331584467577
24.79936345175028122867
24.73567328337660597981
24.77391658484199510326
24.94986178825870126730
25.30059047246014714005
25.89526515212414281564
26.50746690177852116221
26.80987300391359795526
26.66072290388925836169
26.15466822797071344553
25.54691638315097534928
25.08080506588959934788
24.81934001851776372405
24.75343901450811756604
24.78490220848754077565
24.95334703299014833533
25.36838316032866558203
26.04136951696965596170
26.68367646242146307145
26.98335690924755425613
26.89115436363762157157
26.45603179494599999089
25.91921615255672861622
25.51470441401717792473
25.33149738165024800196
25.38471868598749736634
25.53611547673619597276
25.83464702318702777006
26.20733216524606845610
26.67418697084546153064
27.09011627037616420921
27.23854007563815216031
26.96931787727586282699
26.32733382284879652957
25.61134120074719078275
25.06213525218140247830
24.79430835592660997690
24.73821696520123580854
24.79644008177136171867
24.98546924730660734326
25.40333518666081857873
25.99188063667650538946
26.51968068627805052984
26.78874556680530361064
26.65203510279301113428
26.17443528335658697870
25.58927313919341273163
25.07374858991474297909
24.83686643265558302573
24.76838433758320690004
24.82925860637131521003
24.99657989553544013006
25.36254568492094918497
25.97737072267824487426
26.57538364344634018721
26.93595496315436932377
26.83265317683730089016
26.35608020990680699924
25.76593910395872910613
25.29293597640717905506
25.08338931609548794199
25.01664186335240103176
25.05787596008313045104
25.19658260117481418661
25.52330400869478310710
26.07411562257351533844
26.67844664302512924792
27.01923310717675974502
26.90170637567537426094
26.39129880528302862785
25.83318568926278047115
25.38570030929152920862
25.20285976530797000805
25.22878499774568084035
25.36094001674294773352
25.58528824201780693670
25.96579180771161077246
26.48598621013461595908
26.94596344352327221827
27.13425189002767368152
26.90841615556389498920
26.38978359182160815521
25.76661205143811628204
25.26732781882250478134
24.98390305063751171133
24.99017907830321760798
25.14811132522679670842
25.36876366260590742741
25.75027105219427525640
26.28299370161629155973
26.80237566893782030775
26.98474571296547352972
26.75763092392774922246
26.18870241151516253808
25.56974828450188752527
25.09766890541248685054
24.85390041283913120651
24.82623183235622477127
24.89389906773566707443
25.12313807917890073895
25.51957468404588524891
26.11825504926977714604
26.68527055667212266599
26.94044857095467193631
26.80460467312653705108
26.29726236617063506174
25.73249883034348783895
25.30821511410997004532
25.12744570872106564252
25.15224928686303584868
25.26235263693013166630
25.44118233917322768889
25.80402115625815895328
26.32968132738743705090
26.82788648129091413352
26.99924192308795056761
26.77783136925029694453
26.26143531039733147736
25.67074479533402353582
25.20371241324742328516
24.96785789043730474646
24.93213760336320206079
24.99449228717645965503
25.22720289273420490872
25.66491970961273949570
26.20759927125827815075
26.77771890173466218243
27.03892797877983866783
26.83781237574201483653
26.32651027103311847100
25.69966599861689360296
25.19645155468884922811
24.96967859375630283125
24.97299125545160336515
25.06629253301838033963
25.24673848267957154690
25.59205766359695388701
26.15136301624632864105
26.75610929288953698801
27.02183715263036489773
26.86912220223909741890
26.37464238190942822371
25.79084589358235746204
25.32748585819948772269
25.18009870896986868161
25.26138379167263536829
25.46144100775167729012
25.77274973835436355785
26.26141187853210468006
26.88665231971254243604
27.33737467051770408943
27.40687441498286602837
27.05835886934401202097
26.50048894922282727293
25.84347922146486808970
25.34536496459658394542
25.12752492086917754932
25.03598572116417386724
25.07673474577914873862
25.19392772085919673941
25.53443367396907603961
26.04641254886065127039
26.61057411857525423216
26.86010529765798438007
26.64451850269036725649
26.04778144801326078550
25.39346067125278594290
24.88211839496394617299
24.63650152259506498353
24.60224330248981061686
24.62321736456033249851
24.81417444182896758775
25.23695497271090815161
25.86615062489132910173
26.48052122460261159631
26.76468101978344549252
26.64784151533789824384
26.20601006858114345732
25.63944297381657833057
25.17076278432430669341
24.94700640627913301728
24.90318390373971979557
24.98313089455433200214
25.15922829488032874679
25.56277082801009115087
26.15159464401354227903
26.73710638274605244646
26.98688560205067688003
26.85356300021744502260
26.38941025167141418706
25.83789395064750138431
25.38599479934592650920
25.19599375658073370232
25.21353021118742177009
25.34437634671929373553
25.58112564117939413677
25.98826376390961812035
26.55699495359966633146
27.06772033772930896589
27.23936812459017886567
26.99749974978143995941
26.51829830408768629013
25.93920423567457334002
25.50513674370352035226
25.30319377597650287726
25.33039689081221723654
25.45051327202234148217
25.65174435130936458904
26.01998711047851742251
26.51177506191665145252
26.93649161590707663549
27.05308040014771009396
26.74929336244566968617
26.14190007297411000309
25.43023044854774283863
24.90354737490074654715
24.64308046106768657069
24.57820223589311225965
24.62389919857128717240
24.83129906868429159772
25.27833677145961388533
25.90930304961482022463
26.47091272646866855212
26.74758426811823497360
26.59554510030640628315
26.09419381225051282058
25.54125671195530600244
25.14633079160239148564
24.97424170777233598528
24.94762897919267530256
24.98867360583574281918
25.20295264406964719228
25.63690250714050478109
26.19440539283159452566
26.74716498033917844168
26.93183839327761575078
26.76446417137201194691
26.30579423655219173384
25.74891732590778659073
25.31758968371129014940
25.09485197797681976795
25.09482305014842395963
25.18794485293163631923
25.42508817452812763804
25.77393597451633766582
26.31961389387842231713
26.84263413055579761135
27.05958521767918156797
26.86897533181674191383
26.42068790018751656135
25.82958750399290792643
25.32857457606659679072
25.07522484639353166358
25.06826537160530321557
25.24617887080776412745
25.50990943098014795964
25.92514298869329181230
26.53944532012213386452
27.02771520913313807455
27.15442886953201551137
26.87635750728955841282
26.31340227378937157710
25.64318023376691613180
25.15887213696073132496
24.95682493587174377581
24.95533461445635836640
25.05673143090742627237
25.21908689082149379601
25.64141818707841835590
26.24529291919916929032
26.84150346967205535975
27.04597033277778450611
26.80314327273219632275
26.26967724032845552529
25.61605988038258630013
25.12988471172116788921
24.96230746236065201060
24.93656315774051179801
25.04476593924065852548
25.23703244241010779092
25.63419545113497477473
26.24896271736159292232
26.83679015354132602056
27.05463073040398569447
26.85151265669281883675
26.26074322523115966987
25.63286062971975098890
25.16807314437795994877
25.00263076519497218442
25.01158552479111207845
25.12185046729159765277
25.31992302285815910068
25.75325513002068689161
26.36936360223478104103
26.88245957842140754224
27.04891411521654731587
26.80093550182722950126
26.25091025875880035301
25.61428689651303969299
25.12422418071922081140
24.91099027485187633602
24.84242440484323921623
24.95845236279938816892
25.14987836134030629864
25.62422926366706477097
26.26242538015448957367
26.84229455147401921522
27.04438718414684927893
26.84970159523532373669
26.29732323109460878641
25.67873460266948981712
25.20607020657335795022
25.01943470473245412222
25.03487819656294988135
25.07169689746012153364
25.19524322469017008075
25.53948290388294495301
26.17037959387479872930
26.82177432393385174692
27.11922782094929473828
26.94139216240250078727
26.46129602358521992755
25.90958758881430412657
25.46774410644616537525
25.36421153922703553008
25.50575670700754216114
25.70188109357053463100
25.98877323820439855240
26.40661593377835458796
26.93550988709299076618
27.35851901551563258863
27.42395968849968923564
27.06822138755689621803
26.44973386184304686708
25.68988687157841610542
25.10418899414574056550
24.84866128109419491921
24.82868543856723420049
24.86535721451919300762
25.04865186283852196425
25.38056448396433140147
25.97268746738672362540
26.54822371476736719842
26.78657314622805785120
26.59463040692206803328
26.06502375208798838457
25.43015031611681919799
24.88625417878231615987
24.64744743846006969079
24.58586039762477781778
24.63331732614955171812
24.79075172482523115036
25.18923494717967770384
25.77786223963867229259
26.43770629807913152831
26.76495744897329487344
26.68428304623690650033
26.29749205093360586716
25.74850042208213807271
25.28178425133741669129
25.05371340329724816343
25.02708146093714702829
25.06622313612406927064
25.25164082729821757312
25.66309948317989508837
26.21450682894923289723
26.77786057312637169048
27.05070372688455648813
26.91208688567208895392
26.45924948447185087730
25.85851584822432869260
25.39932464625766428412
25.17689335087747082298
25.14228397763056577219
25.21096083331888593193
25.40026794034432455760
25.78019404286559179695
26.32707380471053681958
26.82825456137246078470
27.03814712707252709833
26.86554206189088489509
26.38482034736544079578
25.79581352152748863205
25.33551576239818814429
25.13945728640562649048
25.16576196596523828930
25.30026879828764307945
25.52983826560413049833
25.90841152870018149201
26.44256689094831713760
26.87802104430505423238
27.04425552112310526809
26.82972516359659920226
26.27731550925746617509
25.67105663259757619699
25.18676045662767748468
24.96597817670787478050
24.91239947098456752883
25.03466138002107044258
25.27375237950369779583
25.69059232227211708732
26.25641652075041676540
26.79719202453672366460
27.01856043379994787301
26.84809285840595904915
26.36139558644625680017
25.77039399361834171032
25.31517921469084342334
25.08959012697713220064
25.08829412057864161056
25.16153486306017939000
25.33277237182534236126
25.70757669166209069544
26.24941078042961351002
26.73565849487009771224
26.95746971392691193614
26.76487484157217267011
26.27345439297609530627
25.69901851546331883469
25.19629280968454665413
24.95207069175611991341
24.88766763062527687111
24.92690649244551082120
25.08659401227129492895
25.46152566134717432078
26.09906148665480785098
26.70826125708435228034
26.92145951554101657166
26.83443359137584494079
26.37659505903214096634
25.76617989700059396796
25.25465034594142466062
25.03266245731169448163
25.06801655230465897262
25.19009208291614854147
25.39041069081230261872
25.77577042689082276183
26.33673752098534137644
26.89268883416318089985
27.14598625616585536591
26.94715712750103264739
26.42247775377111906892
25.74592025768200898028
25.20999875376514154368
24.93397349721915290388
24.87705995661075064618
24.88733481032021543911
25.02348808294124182794
25.33215266846695357117
25.94957364281448519705
26.59325493132544337982
26.95542705811023509455
26.78447046911361084653
26.30846137568368448001
25.70567879222095797331
25.22083156720402996598
25.03648306703928483330
25.01044860895156674019
25.11704860182416965131
25.29880536844656546691
25.59974219438193898668
26.16720280638278950391
26.77691533789701949786
27.10097473991597993859
26.96718897860890606921
26.53489400345606341602
25.94723248220510924966
25.47778804889869164185
25.27014511614261849104
25.31292650620730100286
25.43619254863071077466
25.64573236560092439618
26.03733772688456582500
26.55807828714827323324
27.07223478842382036191
27.24933882382736882732
27.04668416923032481236
26.43024417256152958089
25.65304811813169649781
25.08598682481872899075
24.78085789689302487204
