1958 1 0.193452
1958 2 0.222633
1958 3 0.171816
1958 4 -0.0830897
1958 5 -0.646681
1958 6 -1.24977
1958 7 -1.88005
1958 8 -2.16888
1958 9 -2.01777
1958 10 -1.73564
1958 11 -0.877941
1958 12 -0.397265
1959 1 -0.177693
1959 2 0.0148653
1959 3 -0.0202603
1959 4 -0.513512
1959 5 -0.566479
1959 6 -0.809647
1959 7 -1.09615
1959 8 -0.93506
1959 9 -0.821652
1959 10 -0.658827
1959 11 -0.259882
1959 12 0.221054
1960 1 0.200083
1960 2 0.00301283
1960 3 -0.271745
1960 4 -0.578465
1960 5 -1.09547
1960 6 -1.18302
1960 7 -0.994975
1960 8 -1.09846
1960 9 -1.23173
1960 10 -1.24292
1960 11 -1.03898
1960 12 -0.80217
1961 1 -0.356763
1961 2 -0.282785
1961 3 -0.123698
1961 4 0.0149693
1961 5 0.577073
1961 6 1.30146
1961 7 2.25261
1961 8 2.96311
1961 9 3.17337
1961 10 2.83045
1961 11 2.48655
1961 12 2.33469
1962 1 2.10856
1962 2 1.77582
1962 3 1.26549
1962 4 0.558457
1962 5 -0.190384
1962 6 -0.651482
1962 7 -0.70684
1962 8 -0.622525
1962 9 -0.444563
1962 10 -0.207268
1962 11 0.16062
1962 12 0.481867
1963 1 0.757265
1963 2 0.816099
1963 3 0.650212
1963 4 0.26287
1963 5 0.170976
1963 6 0.443171
1963 7 0.645422
1963 8 1.29319
1963 9 1.73646
1963 10 1.47542
1963 11 0.65563
1963 12 -0.0468001
1964 1 -0.730304
1964 2 -1.18448
1964 3 -1.48014
1964 4 -1.30036
1964 5 -1.32905
1964 6 -1.52503
1964 7 -1.98527
1964 8 -2.28898
1964 9 -2.21518
1964 10 -1.74344
1964 11 -1.55567
1964 12 -1.24085
1965 1 -0.690109
1965 2 -0.717284
1965 3 -0.927697
1965 4 -0.948921
1965 5 -0.884774
1965 6 -0.839513
1965 7 -0.650102
1965 8 -0.137903
1965 9 0.0812099
1965 10 0.188549
1965 11 0.117781
1965 12 0.0517681
1966 1 -0.325177
1966 2 -0.507619
1966 3 -0.542701
1966 4 -0.363025
1966 5 -0.165193
1966 6 0.282556
1966 7 0.811496
1966 8 0.981203
1966 9 0.80603
1966 10 0.580152
1966 11 0.21047
1966 12 -0.0273328
1967 1 0.28525
1967 2 0.313641
1967 3 0.412628
1967 4 0.690553
1967 5 0.896118
1967 6 0.856503
1967 7 1.26383
1967 8 1.57064
1967 9 1.54986
1967 10 1.42602
1967 11 1.38523
1967 12 1.41156
1968 1 1.28342
1968 2 1.26298
1968 3 1.15577
1968 4 1.11058
1968 5 0.487178
1968 6 0.061503
1968 7 -0.4769
1968 8 -0.743831
1968 9 -1.17206
1968 10 -1.00705
1968 11 -0.902597
1968 12 -0.601304
1969 1 -0.286529
1969 2 -0.0423561
1969 3 0.0226332
1969 4 -0.284298
1969 5 -0.437069
1969 6 -0.713578
1969 7 -0.799536
1969 8 -0.794123
1969 9 -0.344189
1969 10 -0.176948
1969 11 0.201462
1969 12 0.511736
1970 1 0.577264
1970 2 0.687852
1970 3 0.921551
1970 4 0.439431
1970 5 -0.216437
1970 6 -0.491045
1970 7 -1.04315
1970 8 -1.62649
1970 9 -1.56992
1970 10 -1.37263
1970 11 -1.05813
1970 12 -0.708796
1971 1 -0.18273
1971 2 0.19178
1971 3 0.362061
1971 4 0.0981055
1971 5 -0.125163
1971 6 -0.636248
1971 7 -1.30288
1971 8 -1.6694
1971 9 -1.46968
1971 10 -1.07951
1971 11 -0.644103
1971 12 -0.345779
1972 1 0.0482343
1972 2 0.0960275
1972 3 0.104741
1972 4 0.645449
1972 5 1.43208
1972 6 1.89088
1972 7 2.18805
1972 8 2.39647
1972 9 2.35643
1972 10 2.13605
1972 11 1.68442
1972 12 1.2474
1973 1 0.894534
1973 2 0.268787
1973 3 0.038403
1973 4 -0.0740747
1973 5 -0.319116
1973 6 -0.689905
1973 7 -1.07396
1973 8 -1.38692
1973 9 -1.29955
1973 10 -0.900705
1973 11 -0.295658
1973 12 0.327782
1974 1 0.757063
1974 2 0.803973
1974 3 0.638455
1974 4 0.487586
1974 5 0.250587
1974 6 -0.244137
1974 7 -0.595798
1974 8 -0.975863
1974 9 -1.35297
1974 10 -1.47226
1974 11 -1.45295
1974 12 -1.23731
1975 1 -1.05049
1975 2 -0.594227
1975 3 -0.207994
1975 4 0.199924
1975 5 0.429315
1975 6 0.594771
1975 7 -0.0262703
1975 8 -0.817365
1975 9 -1.10247
1975 10 -1.24345
1975 11 -1.05856
1975 12 -0.443524
1976 1 0.268957
1976 2 0.581086
1976 3 0.76213
1976 4 1.11295
1976 5 1.56156
1976 6 1.69589
1976 7 1.53166
1976 8 1.41787
1976 9 0.998478
1976 10 0.523514
1976 11 0.34576
1976 12 0.203348
1977 1 0.401797
1977 2 0.480637
1977 3 0.239841
1977 4 0.237538
1977 5 0.359905
1977 6 0.0848307
1977 7 -0.00242059
1977 8 0.50907
1977 9 0.481363
1977 10 0.540878
1977 11 0.158132
1977 12 -0.160967
1978 1 -0.912753
1978 2 -1.0157
1978 3 -1.36033
1978 4 -0.936348
1978 5 -0.550701
1978 6 -0.190403
1978 7 -0.116611
1978 8 -0.0136755
1978 9 -0.213389
1978 10 -0.372844
1978 11 -0.0630062
1978 12 -0.0957198
1979 1 0.145085
1979 2 0.292054
1979 3 0.194786
1979 4 0.105897
1979 5 0.0433548
1979 6 -0.0340834
1979 7 0.0170778
1979 8 0.194099
1979 9 -0.0667382
1979 10 0.0546118
1979 11 0.0153933
1979 12 -0.0342928
1980 1 -0.232492
1980 2 -0.149812
1980 3 -0.0689544
1980 4 -0.162419
1980 5 -0.445638
1980 6 -0.676388
1980 7 -1.07028
1980 8 -1.46038
1980 9 -1.49003
1980 10 -1.41702
1980 11 -1.04371
1980 12 -0.611419
1981 1 -0.204133
1981 2 0.150706
1981 3 0.563907
1981 4 0.610252
1981 5 0.263647
1981 6 -0.162231
1981 7 -0.707345
1981 8 -1.09145
1981 9 -1.15663
1981 10 -0.790967
1981 11 -0.300922
1981 12 0.293222
1982 1 0.679038
1982 2 0.976779
1982 3 1.2066
1982 4 1.36153
1982 5 1.49221
1982 6 1.71363
1982 7 2.05918
1982 8 2.42718
1982 9 2.44417
1982 10 2.05243
1982 11 1.37458
1982 12 0.457377
1983 1 -0.730629
1983 2 -1.42427
1983 3 -1.29979
1983 4 -0.569317
1983 5 0.345933
1983 6 1.26114
1983 7 1.72855
1983 8 1.60984
1983 9 1.05749
1983 10 0.516818
1983 11 -0.033296
1983 12 -0.215876
1984 1 -0.21124
1984 2 0.0425636
1984 3 -0.07001
1984 4 -0.101771
1984 5 -0.209947
1984 6 -0.4339
1984 7 -0.845819
1984 8 -1.05545
1984 9 -1.10172
1984 10 -1.09093
1984 11 -1.17168
1984 12 -1.31051
1985 1 -1.34636
1985 2 -1.22769
1985 3 -1.13984
1985 4 -1.19123
1985 5 -0.952121
1985 6 -0.814619
1985 7 -0.738395
1985 8 -0.882256
1985 9 -0.331832
1985 10 -0.39501
1985 11 -0.224333
1985 12 -0.255391
1986 1 -0.13792
1986 2 -0.453795
1986 3 -0.192938
1986 4 -0.242944
1986 5 -0.496918
1986 6 -0.578667
1986 7 -0.367396
1986 8 -0.215182
1986 9 -0.178412
1986 10 -0.00908126
1986 11 0.148365
1986 12 0.195243
1987 1 0.0184277
1987 2 0.0586855
1987 3 0.46502
1987 4 0.699011
1987 5 0.892942
1987 6 1.3099
1987 7 1.84057
1987 8 1.97786
1987 9 1.86764
1987 10 1.78674
1987 11 1.74077
1987 12 1.21791
1988 1 0.672269
1988 2 0.580792
1988 3 0.125812
1988 4 -0.269866
1988 5 -0.198796
1988 6 -0.10274
1988 7 -0.207469
1988 8 -0.143494
1988 9 -0.0651713
1988 10 0.127557
1988 11 0.0402388
1988 12 0.205815
1989 1 0.243904
1989 2 -0.031926
1989 3 -0.56835
1989 4 -0.883306
1989 5 -1.13444
1989 6 -1.06151
1989 7 -0.765564
1989 8 -0.56202
1989 9 -0.224251
1989 10 -0.0705181
1989 11 -0.0195223
1989 12 -0.194894
1990 1 -0.115175
1990 2 -0.201586
1990 3 -0.299828
1990 4 -0.592326
1990 5 -0.510325
1990 6 -0.64083
1990 7 -0.392935
1990 8 -0.334441
1990 9 0.0276629
1990 10 0.162787
1990 11 0.398551
1990 12 0.332874
1991 1 0.435698
1991 2 0.671989
1991 3 0.996654
1991 4 1.21146
1991 5 1.54256
1991 6 1.67208
1991 7 1.61168
1991 8 1.34114
1991 9 1.15829
1991 10 0.945231
1991 11 0.538817
1991 12 0.0344312
1992 1 -0.589886
1992 2 -1.0998
1992 3 -1.54083
1992 4 -1.88929
1992 5 -1.90354
1992 6 -1.91329
1992 7 -2.03946
1992 8 -2.04629
1992 9 -1.69555
1992 10 -1.63328
1992 11 -1.30651
1992 12 -0.760727
1993 1 -0.636193
1993 2 -0.5247
1993 3 -0.25886
1993 4 -0.11966
1993 5 -0.213159
1993 6 -0.157098
1993 7 -0.0551717
1993 8 -0.101663
1993 9 -0.141283
1993 10 -0.240573
1993 11 -0.0909831
1993 12 -0.188398
1994 1 -0.039813
1994 2 0.293804
1994 3 0.914476
1994 4 1.29503
1994 5 1.88355
1994 6 2.41831
1994 7 2.65678
1994 8 2.83947
1994 9 2.72869
1994 10 2.45197
1994 11 1.82961
1994 12 1.42197
1995 1 0.716504
1995 2 0.275299
1995 3 -0.080784
1995 4 -0.177795
1995 5 -0.376966
1995 6 -0.381788
1995 7 -0.256044
1995 8 -0.285284
1995 9 -0.455094
1995 10 -0.312492
1995 11 -0.330009
1995 12 -0.337152
1996 1 -0.245148
1996 2 -0.353942
1996 3 -0.589261
1996 4 -0.811697
1996 5 -1.23802
1996 6 -1.64158
1996 7 -1.82021
1996 8 -2.41781
1996 9 -2.73509
1996 10 -2.61992
1996 11 -2.28634
1996 12 -1.80202
1997 1 -1.04315
1997 2 -0.44211
1997 3 -0.0597539
1997 4 0.152021
1997 5 0.493308
1997 6 1.01636
1997 7 1.66241
1997 8 2.37277
1997 9 3.28731
1997 10 3.54785
1997 11 3.34738
1997 12 2.96214
1998 1 2.12433
1998 2 1.13261
1998 3 0.620504
1998 4 0.40966
1998 5 -0.151277
1998 6 -0.481016
1998 7 -0.797648
1998 8 -1.41094
1998 9 -2.02548
1998 10 -2.04309
1998 11 -1.79985
1998 12 -1.55808
1999 1 -1.02079
1999 2 -0.559808
1999 3 -0.388768
1999 4 -0.319052
1999 5 -0.144529
1999 6 -0.135305
1999 7 -0.0623026
1999 8 0.0073699
1999 9 0.0427261
1999 10 -0.192909
1999 11 -0.38861
1999 12 -0.453783
2000 1 -0.297101
2000 2 -0.120937
2000 3 0.149103
2000 4 0.322335
2000 5 0.470297
2000 6 0.556086
2000 7 0.492466
2000 8 0.375217
2000 9 0.177767
2000 10 -0.105154
2000 11 -0.624544
2000 12 -0.661819
2001 1 -0.658001
2001 2 -0.334842
2001 3 0.0329719
2001 4 0.562215
2001 5 0.551438
2001 6 0.426113
2001 7 0.265256
2001 8 -0.103058
2001 9 -0.365594
2001 10 -0.332508
2001 11 -0.294263
2001 12 -0.286166
2002 1 -0.0330346
2002 2 -0.144587
2002 3 -0.291065
2002 4 -0.236533
2002 5 -0.290515
2002 6 -0.376617
2002 7 0.230553
2002 8 0.869717
2002 9 1.09975
2002 10 1.13157
2002 11 1.01004
2002 12 0.694901
2003 1 0.235122
2003 2 0.0447129
2003 3 0.0932544
2003 4 0.46421
2003 5 0.606197
2003 6 0.790019
2003 7 0.91496
2003 8 0.909408
2003 9 0.670222
2003 10 0.648467
2003 11 0.485657
2003 12 0.492941
2004 1 0.612052
2004 2 0.616359
2004 3 0.0706759
2004 4 -0.209609
2004 5 -0.492575
2004 6 -0.614307
2004 7 -0.558268
2004 8 -0.0875585
2004 9 0.0659883
2004 10 0.11673
2004 11 -0.00529145
2004 12 -0.49658
2005 1 -0.975311
2005 2 -0.855806
2005 3 -0.755197
2005 4 -0.748719
2005 5 -0.581674
2005 6 -0.470227
2005 7 -0.877954
2005 8 -1.15441
2005 9 -1.25282
2005 10 -1.26547
2005 11 -1.22639
2005 12 -1.18675
2006 1 -1.17104
2006 2 -1.0395
2006 3 -0.949399
2006 4 -0.847706
2006 5 -0.549166
2006 6 -0.148145
2006 7 0.269591
2006 8 0.919787
2006 9 1.3373
2006 10 1.37155
2006 11 1.25182
2006 12 0.916748
2007 1 0.432993
2007 2 0.0732125
2007 3 0.196461
2007 4 0.120911
2007 5 0.0999205
2007 6 0.269669
2007 7 0.479747
2007 8 0.394785
2007 9 0.361562
2007 10 0.104923
2007 11 -0.0784152
2007 12 -0.417002
2008 1 -0.498186
2008 2 -0.6288
2008 3 -0.248313
2008 4 -0.0819252
2008 5 0.240564
2008 6 0.348197
2008 7 0.659291
2008 8 0.632725
2008 9 0.399848
2008 10 0.14576
2008 11 0.00597671
2008 12 -0.0152429
2009 1 -0.0509606
2009 2 0.129337
2009 3 0.450453
2009 4 0.604765
2009 5 0.416601
2009 6 0.365912
2009 7 0.320248
2009 8 0.207864
2009 9 0.109022
2009 10 0.363823
2009 11 0.601301
2009 12 0.627266
2010 1 0.914361
2010 2 1.24823
2010 3 1.18201
2010 4 0.948318
2010 5 1.01391
2010 6 0.710323
2010 7 0.479853
2010 8 0.477845
2010 9 0.622254
